www.baidu.com: 1.798361471535746
www.1.com: 4.496170455028281
www.2.com: 4.816999338031945
www.3.com: 1.1991239371931126
www.4.com: 1.1991239371931126
www.dyq.com: 1.5120487530229059
www.10.com: 1.0798717551806938
www.11.com: 1.0798717551806938
www.12.com: 2.1110171067753196
www.13.com: 1.0798717551806938
www.14.com: 1.0798717551806938
www.you.com: 2.5711496695507727
www.20.com: 4.984099271491956
www.zhen.com: 10.691181440824177
www.30.com: 1.693752647934124
www.31.com: 1.693752647934124
www.32.com: 4.1123583247476985
www.33.com: 3.0407225356054743
www.34.com: 2.3672375917697988
www.35.com: 3.9070154657872456
www.36.com: 1.693752647934124
www.37.com: 1.693752647934124
www.38.com: 5.5993074433045775
www.39.com: 5.703167257968532
